1622930273580 0.17569373541699002 0
1622930273829 0.15812868158713575 0
1622930274068 0.17534770682521178 0
1622930274645 0.16966121178524593 0
1622930275003 0.16407155771196555 0
1622930275202 0.20800692830154885 0
1622930275677 0.19183879767898557 0
1622930275970 0.21232623681476578 0
1622930276195 0.2034284663621006 0
1622930276383 0.19924460944860212 0
1622930276569 0.2256438888922689 0
1622930276709 0.21524309768042155 0
1622930276860 0.23941528062590625 0
1622930277047 0.21891089760454707 0
1622930277272 0.22063665862564744 0
1622930277525 0.1995630784567158 0
1622930277735 0.1826106218248911 0
1622930277924 0.20225686603197518 0
1622930278105 0.19240797421305592 0
1622930278331 0.18973015783600555 0
1622930278730 0.1749152764701243 0
1622930279032 0.1574266532803778 0
1622930279335 0.17462468586935964 0
1622930279627 0.16912506974063996 0
1622930279912 0.1634728542325852 0
1622930575413 0.20230957188709744 0
