1622930273580 0.6727319587620689 0
1622930273829 0.7261309918323657 0
1622930274068 0.6370129347783198 0
1622930274645 0.6524647598885547 0
1622930275003 0.6835058672939857 0
1622930275202 0.5412810878873555 0
1622930275677 0.5969170050126387 0
1622930275970 0.46777129555643393 0
1622930276195 0.5003600347453313 0
1622930276383 0.5332630096445816 0
1622930276569 0.4601933924137691 0
1622930276709 0.49256542402013714 0
1622930276860 0.32330230100573243 0
1622930277047 0.42141325112756156 0
1622930277272 0.42765959794915465 0
1622930277525 0.5777677187221728 0
1622930277735 0.6347639311496416 0
1622930277924 0.5170551764161424 0
1622930278105 0.5530284779811361 0
1622930278331 0.5767745293579807 0
1622930278730 0.6756256343031916 0
1622930279032 0.7285573322893724 0
1622930279335 0.6400002127748936 0
1622930279627 0.6546577637776518 0
1622930279912 0.6858114517591658 0
1622930575413 0.5330087728150363 0
