1622930273580 0.10505024900578432 0
1622930273829 0.10025448468921537 0
1622930274068 0.10634663515298587 0
1622930274645 0.10251874759530391 0
1622930275003 0.10003474336990283 0
1622930275202 0.1363473141163127 0
1622930275677 0.13045016307885465 0
1622930275970 0.13913234562435559 0
1622930276195 0.13296926364564124 0
1622930276383 0.13202602924191167 0
1622930276569 0.14579549223054195 0
1622930276709 0.1435195975675161 0
1622930276860 0.14945464112117438 0
1622930277047 0.1439762045643246 0
1622930277272 0.14245190392502186 0
1622930277525 0.13010802966847648 0
1622930277735 0.1237333942904499 0
1622930277924 0.130828930051625 0
1622930278105 0.12591312630925902 0
1622930278331 0.12576313788847732 0
1622930278730 0.10363246514948651 0
1622930279032 0.09933215888007117 0
1622930279335 0.1052749095280245 0
1622930279627 0.10151960290195508 0
1622930279912 0.09901238750420624 0
1622930575413 0.1334538568979936 0
