1622930273580 0.030868288664775288 0
1622930273829 0.02500467994048576 0
1622930274068 0.030746818288860424 0
1622930274645 0.02878492678443807 0
1622930275003 0.02691947605003084 0
1622930275202 0.04326688222144569 0
1622930275677 0.036802124294918755 0
1622930275970 0.04508243083992 0
1622930276195 0.0413831409264363 0
1622930276383 0.03969841439432599 0
1622930276569 0.0509151645944266 0
1622930276709 0.04632959109906349 0
1622930276860 0.057319676597181436 0
1622930277047 0.047921981090028494 0
1622930277272 0.04868053512949048 0
1622930277525 0.03982542228312131 0
1622930277735 0.033346639203273395 0
1622930277924 0.040907839857076356 0
1622930278105 0.037020828540771995 0
1622930278331 0.03599753279247558 0
1622930278730 0.030595353942620022 0
1622930279032 0.024783151163060284 0
1622930279335 0.030493780914972537 0
1622930279627 0.028603289214776333 0
1622930279912 0.02672337407094805 0
1622930575413 0.04092916287714065 0
