1622930273595 0.6727319587620689 0
1622930273843 0.7261309918323657 0
1622930274080 0.6370129347783198 0
1622930274660 0.6524647598885547 0
1622930275019 0.6835058672939857 0
1622930275217 0.5412810878873555 0
1622930275702 0.5969170050126387 0
1622930275986 0.46777129555643393 0
1622930276207 0.5003600347453313 0
1622930276400 0.5332630096445816 0
1622930276578 0.4601933924137691 0
1622930276721 0.49256542402013714 0
1622930276873 0.32330230100573243 0
1622930277065 0.42141325112756156 0
1622930277286 0.42765959794915465 0
1622930277540 0.5777677187221728 0
1622930277749 0.6347639311496416 0
1622930277941 0.5170551764161424 0
1622930278118 0.5530284779811361 0
1622930278351 0.5767745293579807 0
1622930278750 0.6756256343031916 0
1622930279047 0.7285573322893724 0
1622930279348 0.6400002127748936 0
1622930279642 0.6546577637776518 0
1622930279927 0.6858114517591658 0
1622930575424 0.5330087728150363 0
